0 0.16057 0.5801733333333333 0.06514 0.06856
0 0.53423 0.5721200000000001 0.15197999999999998 0.15293333333333334
0 0.45535000000000003 0.5699466666666667 0.0427 0.06677333333333334
0 0.93792 0.8820133333333333 0.11628 0.22696
0 0.20183999999999996 0.5702133333333333 0.0554 0.05994666666666667
0 0.09459000000000001 0.5919066666666667 0.10818000000000001 0.10045333333333334
0 0.22911 0.565 0.03434 0.04722666666666667
0 0.23657 0.5577866666666667 0.04862 0.05104
0 0.26873 0.5546933333333333 0.02526 0.03541333333333333
0 0.28772000000000003 0.5499066666666667 0.02132 0.02792
0 0.32612 0.54396 0.02332 0.02424
0 0.44993 0.55328 0.05762 0.07210666666666667
0 0.30393000000000003 0.5466533333333333 0.02002 0.029946666666666667
0 0.478 0.432 0.956 0.5173333333333333
